0.0 0.091146 0.580729 0.151042 0.265625
0.0 0.135417 0.776042 0.182292 0.229167
0.0 0.078125 0.916667 0.135417 0.156250
0.0 0.210938 0.890625 0.130208 0.197917
0.0 0.325521 0.700521 0.177083 0.270833
0.0 0.348958 0.903646 0.177083 0.177083
0.0 0.236979 0.570312 0.151042 0.281250
0.0 0.375000 0.398438 0.171875 0.270833
0.0 0.221354 0.192708 0.145833 0.265625
0.0 0.505208 0.270833 0.166667 0.260417
0.0 0.669271 0.367188 0.213542 0.343750
0.0 0.497396 0.585938 0.192708 0.291667
0.0 0.531250 0.838542 0.197917 0.276042
0.0 0.713542 0.807292 0.182292 0.291667
0.0 0.880208 0.804688 0.182292 0.359375
0.0 0.833333 0.518229 0.177083 0.328125
0.0 0.768229 0.195312 0.156250 0.260417
0.0 0.906250 0.195312 0.156250 0.281250
