0.0 0.015954 0.744530 0.031909 0.111340
0.0 0.058910 0.942938 0.117820 0.114124
0.0 0.107336 0.808138 0.155447 0.160966
0.0 0.057512 0.643659 0.097105 0.117444
0.0 0.188448 0.540317 0.130147 0.175616
0.0 0.242868 0.322794 0.140120 0.165605
0.0 0.308989 0.728268 0.150461 0.165971
0.0 0.258362 0.906694 0.087683 0.143020
0.0 0.376818 0.889513 0.103010 0.138381
0.0 0.444242 0.746858 0.161352 0.181903
0.0 0.386860 0.515110 0.167441 0.208029
0.0 0.336970 0.202573 0.123508 0.133924
0.0 0.472760 0.309461 0.130147 0.175616
0.0 0.557859 0.446716 0.141222 0.196737
0.0 0.572964 0.142268 0.124059 0.149490
0.0 0.650675 0.290175 0.119623 0.170062
0.0 0.789326 0.404754 0.140855 0.186360
0.0 0.866852 0.547472 0.092119 0.122449
0.0 0.608037 0.694304 0.173713 0.239344
0.0 0.747188 0.603659 0.108180 0.138564
0.0 0.831919 0.730537 0.118337 0.133741
0.0 0.555467 0.890981 0.085846 0.091135
0.0 0.690812 0.912165 0.106895 0.102244
