0.0 0.864583 0.539062 0.171875 0.234375
0.0 0.752604 0.351562 0.140625 0.213542
0.0 0.677083 0.473958 0.203125 0.223958
0.0 0.596354 0.572917 0.166667 0.229167
0.0 0.755208 0.726562 0.182292 0.229167
0.0 0.596354 0.781250 0.203125 0.229167
0.0 0.395833 0.643229 0.192708 0.244792
0.0 0.401042 0.817708 0.177083 0.151042
0.0 0.437500 0.437500 0.156250 0.197917
0.0 0.588542 0.283854 0.161458 0.229167
0.0 0.395833 0.205729 0.177083 0.223958
0.0 0.177083 0.330729 0.177083 0.203125
0.0 0.291667 0.489583 0.177083 0.192708
0.0 0.125000 0.523437 0.151042 0.166667
0.0 0.184896 0.656250 0.187500 0.208333
