0.0 0.455729 0.151042 0.119792 0.208333
0.0 0.239583 0.221354 0.130208 0.203125
0.0 0.065104 0.492187 0.119792 0.244792
0.0 0.085937 0.375000 0.145833 0.229167
0.0 0.236979 0.437500 0.140625 0.223958
0.0 0.140625 0.783854 0.177083 0.281250
0.0 0.260417 0.617188 0.166667 0.234375
0.0 0.317708 0.875000 0.145833 0.229167
0.0 0.372396 0.450521 0.119792 0.192708
0.0 0.507812 0.520833 0.171875 0.244792
0.0 0.401042 0.765625 0.182292 0.234375
0.0 0.502604 0.911458 0.192708 0.166667
0.0 0.544271 0.726562 0.151042 0.213542
0.0 0.697917 0.653646 0.166667 0.260417
0.0 0.794271 0.424479 0.151042 0.244792
0.0 0.645833 0.380208 0.166667 0.250000
0.0 0.687500 0.226562 0.140625 0.182292
0.0 0.794271 0.088542 0.145833 0.166667
0.0 0.916667 0.348958 0.156250 0.197917
0.0 0.848958 0.627604 0.161458 0.244792
0.0 0.812500 0.890625 0.171875 0.187500
0.0 0.927083 0.825521 0.135417 0.223958
