0.0 0.242018 0.221195 0.213893 0.365784
0.0 0.221977 0.553595 0.224183 0.400231
0.0 0.399734 0.593360 0.206777 0.421130
0.0 0.261819 0.837701 0.160367 0.282557
0.0 0.677796 0.532072 0.222236 0.352930
0.0 0.557140 0.712375 0.244975 0.436249
0.0 0.392332 0.274900 0.208642 0.364998
0.0 0.515204 0.342545 0.183825 0.370685
0.0 0.605113 0.225842 0.182598 0.328193
0.0 0.720812 0.137623 0.221009 0.275247
0.0 0.833746 0.462023 0.211521 0.384232
0.0 0.864271 0.737690 0.206908 0.284822
0.0 0.939694 0.258902 0.120612 0.446930
0.0 0.940970 0.607440 0.118060 0.405132
