1 0.5111511936339500 0.7306730673067307 0.16404933687000650 0.0913719943400914
1 0.8094070557009177 0.7708608005657708 0.053851458885941644 0.1669004045061669
1 0.5668647014854111 0.8010709844413010 0.14004403183003873 0.1485148514851485
1 0.0904807586006896 0.8053180461103053 0.00048075860068965 0.09193776500509193
1 0.01410610079575595 0.086987070155587 0.0603395005464191 0.15417056011315417
1 0.6060546419098143 0.8847041867043847 0.05650519893899006 0.09193776500509193
1 0.09686470148541115 0.09335019036009336 0.0903089104668435 0.10446958981610447
1 0.4554588859416445 0.9554455445544554 0.08044560334017506 0.0891089108910891
1 0.9467407055700917 0.0983006874115983 0.10651989389900404 0.1966053748031966
1 0.4500705570091777 0.1080036775106080 0.154710875331565 0.0164073550010164
1 0.774790450908380 0.10871087108710870 0.03580493368700065 0.13010709844413010
1 0.60573474801061 0.1560940008486563 0.07086470148541115 0.18508995756718508
1 0.05404403183003873 0.157001414407157 0.10848806366047746 0.00347949080600348
1 0.10390570944097083 0.15770860800565771 0.1176445603340175 0.19094766619519093
1 0.5700371350785146 0.19519094766619519 0.06981430360740705 0.00933501903600935
1 0.4936604774535809 0.0079007900790079 0.08081697610730096 0.15558698707015557
1 0.6681803713507850 0.0355001016407355 0.1519310344807586 0.1966053748031966
1 0.5185888594164456 0.06005459688806005 0.07976107300954907 0.13010709844413010
1 0.3594535809018568 0.00616690040450617 0.05851458885941645 0.05033380480905034
1 0.1706153846153846 0.0650050919377650 0.0733060599469496 0.1966053748031966
1 0.11915649867374006 0.007581309561507583 0.05508381960864701 0.055160659103055166
1 0.8708116710875330 0.0758130956150758 0.10105039787798407 0.1471004043081471
1 0.350551704137931 0.07934936350777934 0.1100917771883089 0.0164073550010164
1 0.10180901856763906 0.03053180461103053 0.045734748010610074 0.06506364900006506
1 0.04487000650519893 0.3444130107098444 0.05608488063660477 0.19943400913719944
1 0.05017506631099735 0.35148514851485146 0.0603089104668435 0.18811881188118810
1 0.6057453580901856 0.3606789050353607 0.1943607407055703 0.15558698707015557
1 0.8533050397877984 0.3606789050353607 0.0700811671087533 0.15075813095615076
1 0.5058514588859416 0.036775106080036775 0.03906100795755968 0.06789050353606789
1 0.49311936339500544 0.37906647807637905 0.15151704137931036 0.0036775106080037
1 0.7588910466843500 0.3868458074398868 0.15513507851458886 0.0360093350190360
1 0.6538461538461539 0.04384704186704385 0.06767639057094409 0.0876944837340877
1 0.17537931034480757 0.44554455445544555 0.07413793103448075 0.16407355001016408
1 0.9654409708000811 0.516973105884017 0.06911405835543767 0.15983006874115983
1 0.07085941644560334 0.5615075813095615 0.15474801061007956 0.06308345100006306
1 0.8787586006896550 0.5600347949080603 0.10080106100795755 0.16065910305516067
1 0.000610079575596815 0.5807439886845808 0.040017506631099735 0.18387553041018387
1 0.7605994694960010 0.5841584158415841 0.07344097080008117 0.13578500707013578
1 0.6931034480758601 0.6117397454031117 0.0676710875331565 0.05884016973105884
