0.0 0.816965 0.284297 0.328702 0.263932
0.0 0.495998 0.450931 0.368620 0.275241
0.0 0.778512 0.565198 0.330378 0.245104
0.0 0.690154 0.752275 0.362124 0.264627
0.0 0.360022 0.652886 0.368689 0.246600
0.0 0.716625 0.919231 0.305268 0.161538
0.0 0.386929 0.841197 0.314173 0.204247
0.0 0.247252 0.851082 0.310960 0.184619
0.0 0.152087 0.558385 0.276526 0.264941
0.0 0.383860 0.215918 0.314034 0.261530
0.0 0.611440 0.175075 0.321542 0.191126
0.0 0.244568 0.065901 0.282428 0.131803
0.0 0.177741 0.202330 0.209822 0.206267
