0.0 0.893923 0.660428 0.212154 0.205476
0.0 0.783815 0.816811 0.264253 0.241302
0.0 0.885616 0.953122 0.196441 0.093756
0.0 0.631300 0.927350 0.293303 0.145300
0.0 0.504437 0.821925 0.260587 0.263050
0.0 0.359604 0.936030 0.266576 0.127939
0.0 0.251618 0.803756 0.254570 0.246205
0.0 0.133512 0.907721 0.223168 0.184558
0.0 0.769908 0.467342 0.247881 0.218334
0.0 0.640608 0.608874 0.239848 0.168409
0.0 0.161684 0.587997 0.227170 0.206086
0.0 0.886626 0.361494 0.226747 0.212515
0.0 0.669255 0.345003 0.210126 0.172091
0.0 0.543481 0.428646 0.235174 0.173617
0.0 0.313374 0.409093 0.260894 0.186170
0.0 0.212048 0.297780 0.236182 0.190157
0.0 0.435145 0.308605 0.213792 0.150344
0.0 0.777844 0.213277 0.225155 0.173007
0.0 0.566278 0.178252 0.226499 0.195060
0.0 0.353369 0.165281 0.208111 0.139012
0.0 0.155320 0.155982 0.163360 0.141779
0.0 0.870230 0.099931 0.201758 0.116654
0.0 0.659825 0.087112 0.197420 0.127375
0.0 0.454598 0.071842 0.191403 0.110530
0.0 0.257389 0.049409 0.200750 0.098818
0.0 0.412334 0.600501 0.248217 0.223847
