0.0 0.080729 0.453125 0.119792 0.192708
0.0 0.078125 0.658854 0.109375 0.187500
0.0 0.208333 0.403646 0.145833 0.213542
0.0 0.210938 0.565104 0.140625 0.265625
0.0 0.333333 0.679688 0.145833 0.250000
0.0 0.372396 0.247396 0.130208 0.171875
0.0 0.523438 0.398438 0.140625 0.276042
0.0 0.505208 0.619792 0.166667 0.239583
0.0 0.570312 0.721354 0.125000 0.239583
0.0 0.674479 0.231771 0.109375 0.145833
0.0 0.658854 0.401042 0.161458 0.218750
0.0 0.677083 0.622396 0.135417 0.223958
0.0 0.778646 0.481771 0.151042 0.213542
0.0 0.778646 0.684896 0.151042 0.250000
0.0 0.914062 0.200521 0.140625 0.223958
0.0 0.921875 0.377604 0.130208 0.187500
0.0 0.927083 0.596354 0.135417 0.203125
