0.0 0.837383 0.265468 0.199082 0.246521
0.0 0.787921 0.454565 0.181106 0.275894
0.0 0.790509 0.611074 0.181883 0.209836
0.0 0.798529 0.839692 0.180137 0.260577
0.0 0.605616 0.491721 0.191064 0.276524
0.0 0.592332 0.780503 0.194426 0.251311
0.0 0.433884 0.598748 0.236195 0.284467
0.0 0.456026 0.249013 0.219190 0.329156
0.0 0.519650 0.191528 0.190094 0.261207
0.0 0.253259 0.451471 0.222876 0.309049
0.0 0.112077 0.470726 0.169403 0.326004
0.0 0.276378 0.875836 0.190224 0.184938
0.0 0.118222 0.768427 0.200052 0.261838
