0.0 0.922974 0.194069 0.154053 0.200115
0.0 0.933985 0.355197 0.132030 0.208289
0.0 0.846777 0.521279 0.169151 0.197397
0.0 0.917894 0.708750 0.164211 0.198303
0.0 0.715543 0.767688 0.179638 0.194217
0.0 0.504045 0.640313 0.190892 0.230072
0.0 0.343862 0.381786 0.176364 0.242333
0.0 0.599745 0.461065 0.190090 0.225079
0.0 0.634579 0.281344 0.178803 0.223267
0.0 0.768867 0.216256 0.159466 0.205571
0.0 0.343625 0.632775 0.186049 0.234159
0.0 0.161899 0.564638 0.173960 0.227354
0.0 0.432508 0.843851 0.176398 0.208289
0.0 0.186264 0.373795 0.190091 0.225079
0.0 0.118305 0.202893 0.156226 0.219643
0.0 0.401673 0.200938 0.205352 0.285899
0.0 0.522670 0.125179 0.173960 0.227354
