0.0 0.872396 0.559896 0.182292 0.270833
0.0 0.898438 0.257813 0.161458 0.255208
0.0 0.747396 0.395833 0.171875 0.270833
0.0 0.596354 0.132812 0.192708 0.234375
0.0 0.609375 0.414062 0.140625 0.276042
0.0 0.736979 0.677083 0.177083 0.317708
0.0 0.817708 0.885417 0.192708 0.223958
0.0 0.635417 0.898438 0.171875 0.192708
0.0 0.578125 0.684896 0.161458 0.244792
0.0 0.414062 0.609375 0.171875 0.270833
0.0 0.361979 0.760417 0.182292 0.255208
0.0 0.463542 0.367187 0.171875 0.307292
0.0 0.296875 0.361979 0.171875 0.328125
0.0 0.411458 0.119792 0.161458 0.213542
0.0 0.208333 0.132812 0.213542 0.234375
0.0 0.125000 0.390625 0.161458 0.250000
0.0 0.111979 0.640625 0.187500 0.302083
0.0 0.236979 0.648438 0.145833 0.296875
