0.0 0.877604 0.192708 0.197917 0.213542
0.0 0.861979 0.377604 0.203125 0.286458
0.0 0.747396 0.591146 0.203125 0.234375
0.0 0.906250 0.708333 0.171875 0.244792
0.0 0.554688 0.684896 0.229167 0.270833
0.0 0.734375 0.825521 0.229167 0.260417
0.0 0.580729 0.927083 0.223958 0.114583
0.0 0.231771 0.783854 0.239583 0.270833
0.0 0.369792 0.723958 0.213542 0.260417
0.0 0.317708 0.492188 0.260417 0.317708
0.0 0.093750 0.497396 0.177083 0.192708
0.0 0.085938 0.273438 0.161458 0.229167
0.0 0.354167 0.192708 0.197917 0.192708
0.0 0.638021 0.393229 0.156250 0.265625
0.0 0.513021 0.296875 0.192708 0.244792
0.0 0.604167 0.166667 0.177083 0.223958
