0.0 0.103337 0.483546 0.117925 0.171925
0.0 0.196477 0.441411 0.093918 0.155432
0.0 0.179966 0.604448 0.136306 0.156661
0.0 0.096614 0.715437 0.137529 0.198823
0.0 0.216854 0.795406 0.156827 0.215180
0.0 0.359358 0.839098 0.172026 0.252481
0.0 0.338905 0.487738 0.175207 0.199915
0.0 0.442624 0.324592 0.199673 0.232220
0.0 0.606157 0.455926 0.190101 0.226676
0.0 0.606565 0.279235 0.155604 0.173018
0.0 0.446215 0.200741 0.136765 0.172472
0.0 0.532413 0.804555 0.169428 0.162887
0.0 0.443587 0.937824 0.201480 0.124352
0.0 0.749398 0.636781 0.160772 0.188965
0.0 0.692777 0.801292 0.189643 0.210865
0.0 0.637072 0.933025 0.159244 0.133950
0.0 0.869040 0.656073 0.124774 0.245846
0.0 0.856399 0.848233 0.141627 0.177878
