0.0 0.213542 0.140625 0.130208 0.223958
0.0 0.234375 0.375000 0.119792 0.203125
0.0 0.216146 0.570312 0.130208 0.182292
0.0 0.294271 0.630208 0.135417 0.239583
0.0 0.330729 0.463542 0.140625 0.166667
0.0 0.367188 0.273438 0.135417 0.203125
0.0 0.127604 0.778646 0.114583 0.156250
0.0 0.078125 0.867188 0.104167 0.161458
0.0 0.192708 0.838542 0.104167 0.182292
0.0 0.473958 0.591146 0.109375 0.218750
0.0 0.585938 0.539062 0.130208 0.197917
0.0 0.510417 0.236979 0.130208 0.229167
0.0 0.539062 0.078125 0.119792 0.140625
0.0 0.619792 0.229167 0.130208 0.234375
0.0 0.664062 0.078125 0.119792 0.140625
0.0 0.843750 0.679688 0.104167 0.182292
0.0 0.885417 0.526042 0.098958 0.161458
