0.0 0.752604 0.710938 0.098958 0.156250
0.0 0.651042 0.757812 0.104167 0.161458
0.0 0.598958 0.645833 0.109375 0.135417
0.0 0.705729 0.609375 0.104167 0.151042
0.0 0.703125 0.466146 0.088542 0.145833
0.0 0.609375 0.539062 0.109375 0.104167
0.0 0.515625 0.460938 0.114583 0.114583
0.0 0.502604 0.539063 0.093750 0.130208
0.0 0.476562 0.645833 0.109375 0.109375
0.0 0.455729 0.794271 0.104167 0.171875
0.0 0.414062 0.479167 0.083333 0.098958
0.0 0.395833 0.585938 0.109375 0.093750
0.0 0.388021 0.721354 0.114583 0.156250
