0.0 0.742188 0.617188 0.328125 0.192708
0.0 0.674479 0.768229 0.343750 0.156250
0.0 0.635417 0.942708 0.286458 0.104167
0.0 0.377604 0.864583 0.291667 0.145833
0.0 0.177083 0.731771 0.260417 0.166667
0.0 0.127604 0.895833 0.244792 0.166667
0.0 0.450521 0.638021 0.302083 0.177083
0.0 0.307292 0.523438 0.291667 0.130208
0.0 0.091146 0.572917 0.171875 0.135417
0.0 0.596354 0.502604 0.286458 0.156250
0.0 0.789062 0.419271 0.343750 0.161458
0.0 0.549479 0.369792 0.244792 0.171875
0.0 0.286458 0.369792 0.281250 0.140625
0.0 0.309896 0.244792 0.281250 0.161458
0.0 0.622396 0.231771 0.291667 0.145833
0.0 0.867188 0.273438 0.234375 0.156250
0.0 0.755208 0.127604 0.307292 0.156250
0.0 0.434896 0.130208 0.270833 0.135417
0.0 0.187500 0.093750 0.213542 0.125000
0.0 0.093750 0.179687 0.177083 0.130208
