0.0 0.645833 0.164062 0.171875 0.250000
0.0 0.466146 0.169271 0.130208 0.229167
0.0 0.289062 0.158854 0.140625 0.250000
0.0 0.114583 0.171875 0.151042 0.203125
0.0 0.890625 0.486979 0.145833 0.255208
0.0 0.690104 0.481771 0.166667 0.255208
0.0 0.484375 0.481771 0.161458 0.244792
0.0 0.283854 0.473958 0.177083 0.296875
0.0 0.096354 0.505208 0.156250 0.229167
0.0 0.851562 0.820312 0.166667 0.239583
0.0 0.661458 0.848958 0.135417 0.197917
0.0 0.484375 0.825521 0.151042 0.229167
0.0 0.289062 0.848958 0.140625 0.187500
0.0 0.101562 0.833333 0.145833 0.213542
