1.0 0.033256 0.157374 0.030835 0.040900
1.0 0.167308 0.143004 0.054314 0.054730
1.0 0.432425 0.131624 0.010415 0.011469
1.0 0.359559 0.329149 0.075391 0.096908
1.0 0.044724 0.387665 0.025064 0.084073
1.0 0.201005 0.389357 0.063035 0.098479
1.0 0.390103 0.363146 0.061036 0.038251
1.0 0.162060 0.406069 0.085624 0.073488
1.0 0.526355 0.352269 0.060091 0.111846
1.0 0.100116 0.448279 0.107209 0.087466
1.0 0.382272 0.402115 0.081506 0.101798
1.0 0.322356 0.426483 0.122867 0.082707
1.0 0.089010 0.514373 0.093071 0.065975
1.0 0.112939 0.524777 0.093938 0.112868
1.0 0.116327 0.524169 0.094477 0.097808
1.0 0.108791 0.565203 0.107661 0.117343
1.0 0.377342 0.518069 0.065644 0.101478
1.0 0.192928 0.553320 0.058733 0.152781
1.0 0.417326 0.542147 0.085970 0.069755
1.0 0.465859 0.543783 0.098428 0.071993
1.0 0.101415 0.624801 0.048003 0.088956
1.0 0.566136 0.563789 0.064042 0.127714
1.0 0.468092 0.590463 0.095324 0.082785
1.0 0.101608 0.690162 0.093277 0.057273
1.0 0.355386 0.663341 0.095436 0.177533
1.0 0.537142 0.636971 0.125045 0.120466
1.0 0.603694 0.649810 0.087060 0.163238
1.0 0.456570 0.673009 0.154723 0.123804
1.0 0.155827 0.760701 0.047004 0.175171
1.0 0.092874 0.809699 0.060100 0.057634
1.0 0.108257 0.817165 0.087942 0.140341
1.0 0.210099 0.806770 0.088507 0.103153
1.0 0.381187 0.807614 0.079848 0.081383
1.0 0.467151 0.802268 0.162209 0.300198
1.0 0.142372 0.874223 0.075108 0.081278
1.0 0.604223 0.832695 0.154874 0.155954
