1.0 0.551186 0.480268 0.025275 0.046510
1.0 0.587429 0.610530 0.066888 0.009584
1.0 0.434219 0.239502 0.183686 0.120119
1.0 0.377617 0.316852 0.153048 0.098781
1.0 0.431653 0.584520 0.012371 0.105903
1.0 0.622500 0.761887 0.049653 0.078818
1.0 0.749017 0.149977 0.100800 0.153910
1.0 0.507985 0.077691 0.105510 0.064229
1.0 0.680437 0.599201 0.095515 0.112087
1.0 0.318618 0.526841 0.110949 0.116806
1.0 0.431807 0.430867 0.014469 0.112975
1.0 0.889192 0.709784 0.020165 0.179465
1.0 0.832769 0.907324 0.098908 0.092468
1.0 0.415497 0.870417 0.147586 0.051839
1.0 0.708378 0.893202 0.099895 0.014707
1.0 0.596957 0.867331 0.092644 0.092327
1.0 0.636374 0.478770 0.065717 0.092561
1.0 0.277174 0.412222 0.083926 0.102042
1.0 0.584141 0.680257 0.088501 0.087194
1.0 0.569855 0.357708 0.009354 0.119802
1.0 0.497219 0.337405 0.050186 0.110036
1.0 0.497900 0.531613 0.044821 0.137109
1.0 0.811734 0.805461 0.036427 0.103118
1.0 0.802669 0.861769 0.101584 0.123094
1.0 0.894345 0.136064 0.092600 0.094166
