0.0 0.873612 0.248867 0.132014 0.162791
0.0 0.905106 0.494965 0.154584 0.200326
0.0 0.809393 0.727137 0.166295 0.226896
0.0 0.749368 0.336514 0.132582 0.173194
0.0 0.642247 0.501484 0.150858 0.226054
0.0 0.712426 0.132450 0.112567 0.182475
0.0 0.600036 0.248145 0.111999 0.172071
0.0 0.554679 0.741037 0.156004 0.226335
0.0 0.485923 0.379585 0.117428 0.177554
0.0 0.383238 0.531271 0.145144 0.215370
0.0 0.291252 0.737153 0.156855 0.241940
0.0 0.130227 0.576381 0.164876 0.200888
0.0 0.232202 0.411691 0.132866 0.178396
0.0 0.462290 0.135666 0.122006 0.167431
0.0 0.344611 0.249041 0.113134 0.192878
0.0 0.205570 0.160110 0.126868 0.162510
0.0 0.116619 0.279743 0.112567 0.182475
