0.0 0.815104 0.315104 0.213542 0.354167
0.0 0.924479 0.653646 0.145833 0.302083
0.0 0.726562 0.627604 0.203125 0.317708
0.0 0.875000 0.906250 0.239583 0.177083
0.0 0.630208 0.901042 0.229167 0.187500
0.0 0.388021 0.908854 0.234375 0.171875
0.0 0.153646 0.924479 0.208333 0.145833
0.0 0.502604 0.651042 0.213542 0.296875
0.0 0.395833 0.335938 0.223958 0.270833
0.0 0.502604 0.101562 0.208333 0.192708
0.0 0.268229 0.096354 0.229167 0.171875
0.0 0.174479 0.335938 0.229167 0.343750
0.0 0.104167 0.682292 0.182292 0.286458
0.0 0.601563 0.356771 0.229167 0.354167
0.0 0.286458 0.692708 0.213542 0.359375
