1.0 0.490425 0.663943 0.165205 0.086432
1.0 0.190585 0.703038 0.054574 0.156703
1.0 0.434573 0.730197 0.141207 0.139881
1.0 0.913657 0.731903 0.001236 0.086184
1.0 0.979065 0.065302 0.041869 0.130605
1.0 0.395371 0.808779 0.057055 0.086449
1.0 0.905454 0.064564 0.091080 0.098357
1.0 0.546994 0.874370 0.081123 0.083911
1.0 0.052299 0.082831 0.104599 0.165662
1.0 0.550291 0.079986 0.155626 0.016118
1.0 0.223739 0.082200 0.036333 0.122128
1.0 0.393868 0.125808 0.071728 0.173834
1.0 0.947061 0.124024 0.105879 0.003779
1.0 0.898534 0.124925 0.118787 0.179548
1.0 0.429865 0.162285 0.070232 0.009084
1.0 0.506291 0.029738 0.081488 0.059476
1.0 0.330846 0.052787 0.153124 0.105574
1.0 0.481272 0.048268 0.080525 0.096537
1.0 0.831258 0.065333 0.074129 0.130667
1.0 0.882847 0.005129 0.055483 0.010258
1.0 0.127093 0.060503 0.101989 0.121006
1.0 0.650300 0.052652 0.110754 0.015905
1.0 0.900327 0.018154 0.046151 0.036307
1.0 0.958371 0.299652 0.056901 0.187209
1.0 0.953054 0.306306 0.061121 0.176623
1.0 0.394370 0.317577 0.195848 0.146769
1.0 0.145412 0.318759 0.070854 0.141649
1.0 0.494016 0.022699 0.039452 0.045398
1.0 0.507678 0.334275 0.152382 0.004171
1.0 0.240425 0.342836 0.156101 0.034495
1.0 0.345204 0.031042 0.068278 0.062084
1.0 0.827378 0.395072 0.074967 0.154150
1.0 0.033993 0.465799 0.067987 0.150148
1.0 0.927444 0.503287 0.145111 0.059840
1.0 0.120314 0.505749 0.101773 0.151077
1.0 0.991560 0.521014 0.016879 0.172456
1.0 0.239201 0.527797 0.074196 0.127630
1.0 0.307147 0.553329 0.068201 0.055478
